%YAML:1.0
---
camera_type: D435
calibration_time: "0421030222"
image_width: 960
image_height: 540
board_width: 10
board_height: 7
cell_size: 24.
camera_matrix: !!opencv-matrix
   rows: 3
   cols: 3
   dt: d
   data: [ 6.8783159368264683e+02, 0., 4.7504556078265881e+02, 0.,
       6.8905944131123329e+02, 2.7396158414801101e+02, 0., 0., 1. ]
tvecs:
   - !!opencv-matrix
      rows: 3
      cols: 1
      dt: d
      data: [ 6.9495936857054915e+01, -1.0050103719723796e+02,
          3.2450690947217470e+02 ]
   - !!opencv-matrix
      rows: 3
      cols: 1
      dt: d
      data: [ 1.5486776729923847e+02, -4.0530426039311052e+01,
          3.1174987528015407e+02 ]
   - !!opencv-matrix
      rows: 3
      cols: 1
      dt: d
      data: [ 9.7188658334976211e+01, -6.5675807140188454e+01,
          4.4949038172455982e+02 ]
   - !!opencv-matrix
      rows: 3
      cols: 1
      dt: d
      data: [ -8.2753922340199779e+01, -5.9467922318965513e+01,
          3.6393677345205953e+02 ]
   - !!opencv-matrix
      rows: 3
      cols: 1
      dt: d
      data: [ -1.1980724502979041e+02, -2.6825694263532686e+01,
          3.3533445656645443e+02 ]
   - !!opencv-matrix
      rows: 3
      cols: 1
      dt: d
      data: [ -5.1011157148331264e+01, -3.2199861175135581e+01,
          3.1881597135868265e+02 ]
   - !!opencv-matrix
      rows: 3
      cols: 1
      dt: d
      data: [ 2.6751740209082153e+00, 1.0110040784341523e+02,
          2.7479242046716030e+02 ]
   - !!opencv-matrix
      rows: 3
      cols: 1
      dt: d
      data: [ 1.6051936136172125e+02, -7.2397222755469688e+00,
          2.7306651185218743e+02 ]
   - !!opencv-matrix
      rows: 3
      cols: 1
      dt: d
      data: [ 1.4381041556897483e+02, 6.2960809848069459e+01,
          2.3040496287537135e+02 ]
   - !!opencv-matrix
      rows: 3
      cols: 1
      dt: d
      data: [ -9.3070500593941716e+01, -8.7215056177267968e+01,
          2.7966820899959055e+02 ]
   - !!opencv-matrix
      rows: 3
      cols: 1
      dt: d
      data: [ -6.8648604652249247e+01, -3.1943474065511563e+01,
          3.0478436650038134e+02 ]
   - !!opencv-matrix
      rows: 3
      cols: 1
      dt: d
      data: [ -5.3869866995062686e+01, -2.1611406813890404e+00,
          2.5251247233234128e+02 ]
   - !!opencv-matrix
      rows: 3
      cols: 1
      dt: d
      data: [ -1.6992028051898675e+01, -8.9475994776657444e+01,
          4.6818436211638345e+02 ]
rvecs:
   - !!opencv-matrix
      rows: 3
      cols: 1
      dt: d
      data: [ -6.1604231952010657e-01, 5.7377368598274325e-01,
          1.4810134564716144e+00 ]
   - !!opencv-matrix
      rows: 3
      cols: 1
      dt: d
      data: [ -5.3697662332363749e-01, 1.0137255051302603e+00,
          2.0806212060835412e+00 ]
   - !!opencv-matrix
      rows: 3
      cols: 1
      dt: d
      data: [ -7.6999989360617360e-01, 6.9853217899566400e-01,
          1.1536990288943711e+00 ]
   - !!opencv-matrix
      rows: 3
      cols: 1
      dt: d
      data: [ -7.2769591350782814e-01, 1.6375698771824573e-01,
          1.2837234187112395e-01 ]
   - !!opencv-matrix
      rows: 3
      cols: 1
      dt: d
      data: [ -5.1773323842261276e-01, -1.3637472685565921e-01,
          -2.7536770964434387e-01 ]
   - !!opencv-matrix
      rows: 3
      cols: 1
      dt: d
      data: [ -3.3064251278689538e-01, -1.4683901357297760e-01,
          -3.9261279197723570e-01 ]
   - !!opencv-matrix
      rows: 3
      cols: 1
      dt: d
      data: [ -2.1612661188093507e-01, -2.9132292148556110e-01,
          -1.6566581892872116e+00 ]
   - !!opencv-matrix
      rows: 3
      cols: 1
      dt: d
      data: [ -5.6567500354205724e-01, 9.9617881191449065e-01,
          2.5914013861327554e+00 ]
   - !!opencv-matrix
      rows: 3
      cols: 1
      dt: d
      data: [ 4.1105867584847267e-01, -1.1798543917487969e+00,
          -2.8429575538312051e+00 ]
   - !!opencv-matrix
      rows: 3
      cols: 1
      dt: d
      data: [ -1.1869811180244125e-01, 4.2316944089214166e-02,
          1.3824211138029416e-01 ]
   - !!opencv-matrix
      rows: 3
      cols: 1
      dt: d
      data: [ 1.9250601491788308e-01, -1.0447954541953486e-01,
          -1.2906371305258607e-01 ]
   - !!opencv-matrix
      rows: 3
      cols: 1
      dt: d
      data: [ 5.6208465499744775e-01, -1.2892493760445251e-01,
          -3.3183863749030995e-01 ]
   - !!opencv-matrix
      rows: 3
      cols: 1
      dt: d
      data: [ -1.4181039563977035e-01, 7.1038451862870533e-01,
          3.4037259383382268e-01 ]
distortion_error: !!opencv-matrix
   rows: 5
   cols: 1
   dt: d
   data: [ 1.5639466820432291e-01, -4.9187740736219043e-01,
       -8.0181942476003796e-04, -4.6290684799189758e-04,
       4.0761047328777777e-01 ]
avg_reprojection_error: 3.2934541217070146e-01
per_view_reprojection_errors: !!opencv-matrix
   rows: 13
   cols: 1
   dt: f
   data: [ 4.08623666e-01, 4.15440649e-01, 3.19815964e-01,
       3.28318238e-01, 2.62504995e-01, 2.79323488e-01, 2.67706692e-01,
       4.26994085e-01, 4.20032412e-01, 2.41802394e-01, 2.33492658e-01,
       3.50344986e-01, 2.17652246e-01 ]
