%YAML:1.0
---
camera_type: D435
calibration_time: "0421025752"
image_width: 960
image_height: 540
board_width: 10
board_height: 7
cell_size: 24.
camera_matrix: !!opencv-matrix
   rows: 3
   cols: 3
   dt: d
   data: [ 6.8859151111064909e+02, 0., 4.7612306787203954e+02, 0.,
       6.8988748005569300e+02, 2.7385850419281297e+02, 0., 0., 1. ]
tvecs:
   - !!opencv-matrix
      rows: 3
      cols: 1
      dt: d
      data: [ 1.1932498400791511e+02, -6.9489757931341046e+01,
          3.8688169705271571e+02 ]
   - !!opencv-matrix
      rows: 3
      cols: 1
      dt: d
      data: [ 8.8759830582041289e+01, -1.0639588083690175e+02,
          4.1730899609515183e+02 ]
   - !!opencv-matrix
      rows: 3
      cols: 1
      dt: d
      data: [ -1.3559392009835923e+02, -2.2290893597750063e+01,
          3.7096831111369403e+02 ]
   - !!opencv-matrix
      rows: 3
      cols: 1
      dt: d
      data: [ 3.1105861210260187e+01, -1.1384829212437067e+02,
          4.3540903108220289e+02 ]
   - !!opencv-matrix
      rows: 3
      cols: 1
      dt: d
      data: [ 1.8951308840707210e+02, -2.7340278040714420e+01,
          3.3828771520062844e+02 ]
   - !!opencv-matrix
      rows: 3
      cols: 1
      dt: d
      data: [ 1.3534538260104981e+02, 8.3866478461014875e+00,
          2.7512145340813800e+02 ]
   - !!opencv-matrix
      rows: 3
      cols: 1
      dt: d
      data: [ 1.7176636340427260e+02, 3.6726348993112645e+00,
          2.9524249122717293e+02 ]
   - !!opencv-matrix
      rows: 3
      cols: 1
      dt: d
      data: [ 1.1924208649200732e+02, 7.1827922301675940e+01,
          2.1633796225233792e+02 ]
   - !!opencv-matrix
      rows: 3
      cols: 1
      dt: d
      data: [ 1.3670635705782249e+02, 4.0922870270196441e+01,
          2.0008690970673146e+02 ]
   - !!opencv-matrix
      rows: 3
      cols: 1
      dt: d
      data: [ 1.4763058011621399e+02, 7.9433212967694004e+01,
          3.0540356111870847e+02 ]
   - !!opencv-matrix
      rows: 3
      cols: 1
      dt: d
      data: [ 1.4101779445768446e+02, 1.0833148576210286e+02,
          3.2222369916396030e+02 ]
   - !!opencv-matrix
      rows: 3
      cols: 1
      dt: d
      data: [ 1.1367485140048289e+02, 6.8248436775832658e+01,
          2.8550011845325275e+02 ]
   - !!opencv-matrix
      rows: 3
      cols: 1
      dt: d
      data: [ 1.5038774819992926e+02, 6.1591118482243303e+01,
          3.2903565855245211e+02 ]
rvecs:
   - !!opencv-matrix
      rows: 3
      cols: 1
      dt: d
      data: [ -7.3364609730341812e-01, 8.2320249743736995e-01,
          1.4672519848520094e+00 ]
   - !!opencv-matrix
      rows: 3
      cols: 1
      dt: d
      data: [ -4.4383497840233960e-01, 4.3197180256311063e-01,
          1.5850300827902206e+00 ]
   - !!opencv-matrix
      rows: 3
      cols: 1
      dt: d
      data: [ -3.9583249818052202e-01, 9.8739456668452671e-02,
          -9.7072911131186289e-03 ]
   - !!opencv-matrix
      rows: 3
      cols: 1
      dt: d
      data: [ -6.8225504728322373e-01, 4.7631380099668014e-01,
          1.0683997808748966e+00 ]
   - !!opencv-matrix
      rows: 3
      cols: 1
      dt: d
      data: [ -3.9749798427934874e-01, 1.1533939014946466e+00,
          2.2155451306902498e+00 ]
   - !!opencv-matrix
      rows: 3
      cols: 1
      dt: d
      data: [ -3.1465080935157247e-01, 1.1254149983008928e+00,
          2.6701762236066173e+00 ]
   - !!opencv-matrix
      rows: 3
      cols: 1
      dt: d
      data: [ -1.2921553539686884e-01, 6.8167455815608824e-01,
          2.6625988951935646e+00 ]
   - !!opencv-matrix
      rows: 3
      cols: 1
      dt: d
      data: [ -2.6257629109217395e-01, -8.4035789907179070e-01,
          -2.8119506110334558e+00 ]
   - !!opencv-matrix
      rows: 3
      cols: 1
      dt: d
      data: [ -7.4810126094797938e-02, -8.3536044610395965e-01,
          -2.9397895505413949e+00 ]
   - !!opencv-matrix
      rows: 3
      cols: 1
      dt: d
      data: [ 5.1829950875554975e-01, -5.6761389120199357e-01,
          -2.9372502250687735e+00 ]
   - !!opencv-matrix
      rows: 3
      cols: 1
      dt: d
      data: [ 6.2894303134902441e-01, -3.6338791563415990e-01,
          -2.9464264831693603e+00 ]
   - !!opencv-matrix
      rows: 3
      cols: 1
      dt: d
      data: [ -3.9293765001937519e-03, 2.3963551076003212e-01,
          3.0735290175500354e+00 ]
   - !!opencv-matrix
      rows: 3
      cols: 1
      dt: d
      data: [ 2.7712327053754465e-01, -3.8920159345309785e-01,
          3.0241320090725332e+00 ]
distortion_error: !!opencv-matrix
   rows: 5
   cols: 1
   dt: d
   data: [ 1.5808585350100576e-01, -5.2050738386991557e-01,
       -6.3176275635543359e-04, 4.9743548459248101e-04,
       4.6583730474077006e-01 ]
avg_reprojection_error: 2.8048969792646400e-01
per_view_reprojection_errors: !!opencv-matrix
   rows: 13
   cols: 1
   dt: f
   data: [ 3.84110212e-01, 2.43546620e-01, 2.05433577e-01,
       2.84839213e-01, 3.46806139e-01, 3.41809750e-01, 2.26487800e-01,
       2.92737484e-01, 3.34757417e-01, 2.58873194e-01, 2.43393481e-01,
       2.05493569e-01, 1.94756180e-01 ]
