%YAML:1.0
---
calibration_time: "0420231016"
camera_focus_parameter: 15
image_width: 1280
image_height: 720
board_width: 10
board_height: 7
cell_size: 24.
camera_matrix: !!opencv-matrix
   rows: 3
   cols: 3
   dt: d
   data: [ 8.1957963731796883e+02, 0., 6.4261581560570971e+02, 0.,
       8.1934301369376089e+02, 3.5578314592848631e+02, 0., 0., 1. ]
tvecs:
   - !!opencv-matrix
      rows: 3
      cols: 1
      dt: d
      data: [ 1.4689580377674554e+02, -3.1959262150477162e+01,
          4.2282403250550072e+02 ]
   - !!opencv-matrix
      rows: 3
      cols: 1
      dt: d
      data: [ 1.5912734729437639e+02, -4.2108507725960230e+01,
          4.4983851791322303e+02 ]
   - !!opencv-matrix
      rows: 3
      cols: 1
      dt: d
      data: [ 1.1518143774871585e+02, 3.1476425132038461e+01,
          4.5644278677703147e+02 ]
   - !!opencv-matrix
      rows: 3
      cols: 1
      dt: d
      data: [ 1.6091495977669453e+02, 4.1490747298519793e+01,
          3.6627972857900721e+02 ]
   - !!opencv-matrix
      rows: 3
      cols: 1
      dt: d
      data: [ 1.2042702441204729e+02, 5.0178549418466334e+00,
          3.7749190065849240e+02 ]
   - !!opencv-matrix
      rows: 3
      cols: 1
      dt: d
      data: [ 1.5353598864981464e+02, 3.4927196558008923e+01,
          3.4589060700312899e+02 ]
   - !!opencv-matrix
      rows: 3
      cols: 1
      dt: d
      data: [ 1.3658365634629072e+02, 7.7117343732555099e+01,
          3.6815050618776343e+02 ]
   - !!opencv-matrix
      rows: 3
      cols: 1
      dt: d
      data: [ 1.0735334502810343e+02, 4.7151859875267732e+01,
          4.3652396782346972e+02 ]
   - !!opencv-matrix
      rows: 3
      cols: 1
      dt: d
      data: [ 6.5423752165201634e+01, 4.0077606397357016e+01,
          5.1421265022405589e+02 ]
   - !!opencv-matrix
      rows: 3
      cols: 1
      dt: d
      data: [ -2.2344103816073693e+00, 5.5519108091427277e+01,
          5.7743231906555616e+02 ]
   - !!opencv-matrix
      rows: 3
      cols: 1
      dt: d
      data: [ 1.1727048078338328e+02, 6.9704445114571513e+01,
          5.4734886982711271e+02 ]
rvecs:
   - !!opencv-matrix
      rows: 3
      cols: 1
      dt: d
      data: [ -4.0760877791388606e-01, 6.3417874378818917e-01,
          2.2480510762140340e+00 ]
   - !!opencv-matrix
      rows: 3
      cols: 1
      dt: d
      data: [ -5.0290111463350584e-01, 5.8984838095873571e-01,
          2.0857276941952878e+00 ]
   - !!opencv-matrix
      rows: 3
      cols: 1
      dt: d
      data: [ -3.8671724658729073e-01, 2.5325948498607803e-01,
          2.8175672068828215e+00 ]
   - !!opencv-matrix
      rows: 3
      cols: 1
      dt: d
      data: [ 6.6158965980711956e-02, 3.2305929358474322e-01,
          2.8619088180838843e+00 ]
   - !!opencv-matrix
      rows: 3
      cols: 1
      dt: d
      data: [ 1.6754479654770310e-01, 5.9194349883941344e-01,
          2.7314049241149934e+00 ]
   - !!opencv-matrix
      rows: 3
      cols: 1
      dt: d
      data: [ 6.0785976714063539e-01, 7.5280371866155793e-01,
          2.6899341738422207e+00 ]
   - !!opencv-matrix
      rows: 3
      cols: 1
      dt: d
      data: [ 5.5918405266778770e-01, 3.4646013412932558e-01,
          3.0251198907855694e+00 ]
   - !!opencv-matrix
      rows: 3
      cols: 1
      dt: d
      data: [ 1.5057012877366699e-01, -1.7998038338723274e-01,
          3.0622916915381797e+00 ]
   - !!opencv-matrix
      rows: 3
      cols: 1
      dt: d
      data: [ -3.8135393131982842e-01, -3.3598852265187801e-01,
          3.0302588039728660e+00 ]
   - !!opencv-matrix
      rows: 3
      cols: 1
      dt: d
      data: [ 8.6910082925885879e-01, 4.7907359593978743e-01,
          -2.9651239903235762e+00 ]
   - !!opencv-matrix
      rows: 3
      cols: 1
      dt: d
      data: [ -8.5935036193367809e-01, -2.5561571923515025e-01,
          2.8567673227160446e+00 ]
distortion_error: !!opencv-matrix
   rows: 5
   cols: 1
   dt: d
   data: [ 1.3336861297670817e-02, -1.9449405319273169e-01,
       -2.0228400813853803e-03, -3.8803327383118437e-03,
       5.0273310208109667e-01 ]
avg_reprojection_error: 1.2274800514696242e-01
per_view_reprojection_errors: !!opencv-matrix
   rows: 11
   cols: 1
   dt: f
   data: [ 7.97446668e-02, 9.07399580e-02, 1.10553235e-01,
       1.07379451e-01, 9.96133164e-02, 1.15724362e-01, 1.30251169e-01,
       1.58259287e-01, 1.54705226e-01, 1.46171808e-01, 1.29484639e-01 ]
